Vegetation Parameters
USGS
27,1, 'ALBEDO    Z0   SHDFAC NROOT   RS      RGL      HS      SNUP    LAI   MAXALB    EMISS    SFC_ROUGH'
1,     .15,    1.00,   .10,   1,    200.,   999.,   999.0,   0.04,   1.0,     40.,     0.88,     0.025,    'Urban and Built-Up Land'  
2,     .19,     .07,   .80,   3,     40.,   100.,   36.25,   0.04,   5.68,    64.,     0.92,     0.035,    'Dryland Cropland and Pasture' 
3,     .15,     .07,   .80,   3,     40.,   100.,   36.25,   0.04,   5.68,    64.,     0.92,     0.035,    'Irrigated Cropland and Pasture' 
4,     .17,     .07,   .80,   3,     40.,   100.,   36.25,   0.04,   4.5,     64.,     0.92,     0.055,    'Mixed Dryland/Irrigated Cropland and Pasture' 
5,     .19,     .07,   .80,   3,     40.,   100.,   36.25,   0.04,   4.29,    64.,     0.92,     0.035,    'Cropland/Grassland Mosaic'
6,     .19,     .15,   .80,   3,     70.,    65.,   44.14,   0.04,   4.0,     60.,     0.93,     0.068,    'Cropland/Woodland Mosaic' 
7,     .19,     .08,   .80,   3,     40.,   100.,   36.35,   0.04,   2.9,     64.,     0.92,     0.055,    'Grassland' 
8,     .25,     .03,   .70,   3,    300.,   100.,   42.00,   0.03,   3.66,    69.,     0.88,     0.055,    'Shrubland' 
9,     .23,     .05,   .70,   3,    170.,   100.,   39.18,  0.035,   3.28,    67.,     0.90,     0.055,    'Mixed Shrubland/Grassland' 
10,    .20,     .86,   .50,   3,     70.,    65.,   54.53,   0.04,   3.66,    45.,     0.92,     0.055,    'Savanna' 
11,    .12,     .80,   .80,   4,    100.,    30.,   54.53,   0.08,   3.31,    58.,     0.93,     0.200,    'Deciduous Broadleaf Forest' 
12,    .11,     .85,   .70,   4,    150.,    30.,   47.35,   0.08,   5.16,    54.,     0.94,     0.200,    'Deciduous Needleleaf Forest' 
13,    .11,    2.65,   .95,   4,    150.,    30.,   41.69,   0.08,   6.48,    32.,     0.95,     0.200,    'Evergreen Broadleaf Forest'
14,    .10,    1.09,   .70,   4,    125.,    30.,   47.35,   0.08,   6.4,     52.,     0.95,     0.200,    'Evergreen Needleleaf Forest'  
15,    .12,     .80,   .80,   4,    125.,    30.,   51.93,   0.08,   4.86,    53.,     0.94,     0.200,    'Mixed Forest' 
16,    .19,    .001,   .00,   0,    100.,    30.,   51.75,   0.01,   0.01,    70.,     0.98,     0.005,    'Water Bodies' 
17,    .12,     .04,   .60,   2,     40.,   100.,   60.00,   0.01,   5.65,    35.,     0.95,     0.070,    'Herbaceous Wetland' 
18,    .12,     .05,   .60,   2,    100.,    30.,   51.93,   0.02,   5.8,     30.,     0.95,     0.070,    'Wooded Wetland' 
19,    .12,     .01,   .01,   1,    999.,   999.,   999.0,   0.02,   1.0,     69.,     0.85,     0.035,    'Barren or Sparsely Vegetated' 
20,    .16,     .04,   .60,   3,    150.,   100.,   42.00,  0.025,   3.35,    58.,     0.92,     0.055,    'Herbaceous Tundra' 
21,    .16,     .06,   .60,   3,    150.,   100.,   42.00,  0.025,   3.35,    55.,     0.93,     0.055,    'Wooded Tundra' 
22,    .16,     .05,   .60,   3,    150.,   100.,   42.00,  0.025,   3.35,    55.,     0.92,     0.055,    'Mixed Tundra' 
23,    .17,     .03,   .30,   2,    200.,   100.,   42.00,   0.02,   3.35,    65.,     0.85,     0.055,    'Bare Ground Tundra' 
24,    .70,    .001,   .00,   1,    999.,   999.,   999.0,   0.02,   0.01,    75.,     0.95,     0.010,    'Snow or Ice' 
25,    .30,     .01,   .50,   1,     40.,   100.,   36.25,   0.02,   0.01,    69.,     0.98,     0.010,    'Playa' 
26,    .16,     .15,   .00,   0,    999.,   999.,   999.0,   0.02,   0.01,    69.,     0.97,     0.100,    'Lava'   
27,    .60,     .01,   .00,   0,    999.,   999.,   999.0,   0.02,   0.01,    69.,     0.98,     0.010,    'White Sand' 
TOPT_DATA
298.0
CMCMAX_DATA
0.5E-3
CFACTR_DATA
0.5
RSMAX_DATA
5000.0
BARE
19
